topleft = 0.8112071556970477
topright = 0.09660035534761846
bottomleft = 0.7072476847097278
bottomright = 0.6516349734738469

middle: -9.224244892385324
